Mean Noise Amplitude <length scales>
-----------ALL SAMPLES-------------
0.543876562518 0.00294601984496 0.324820947668 5.09486724908 9.49696132297 5.64855422996 9.13195106382 6.14977028561 9.97291045365 9.96234406459 8.10271606354 
0.54387567094 0.00266318105761 0.324914282275 2.93727680903 1.50806317303 2.43307578834 7.42002460948 9.64510781628 9.25901915843 2.33838352943 4.47967058435 
0.543811743534 0.00144222573968 0.321671987799 5.1082127913 4.02822660619 0.822096395062 8.70350466165 9.94474241117 9.23292141874 7.18159948894 1.57032931634 
0.530647857489 0.00760443215699 0.306164094703 7.62060970552 5.70332573755 0.620297708395 5.24616218672 2.54841711266 9.16602999712 7.11291244417 9.32560357273 
0.54608271896 0.00356521301275 0.304867630007 3.89187495826 4.00614102714 2.73154021502 9.45327865636 1.3085947977 6.92499358225 6.49985640493 6.9790293057 
0.546074708417 0.00344468340883 0.304730455208 6.05378271962 3.22286941836 6.35838428199 8.4171883102 4.14977751367 5.03843980138 8.17931754085 8.64310974477 
0.542766283472 0.00147787740194 0.305756223272 8.86040715975 6.58428876575 9.78854088092 9.12220659278 1.84530184809 4.77546618809 4.71247421591 8.71178992178 
0.540888997391 0.0018257533318 0.305111147282 8.97106590271 3.34693672143 3.3196958919 9.99689856116 5.42049256725 6.63339230208 2.74627082867 7.86948150631 
0.53997061949 0.00271027739184 0.304972683148 7.59016653712 7.26468734266 5.02259833293 5.81269486147 8.39680043212 5.66734029131 6.14647809271 4.65959053702 
0.537841616639 0.00538119584098 0.302346866354 9.09545061825 9.44615620525 6.57568830695 8.7119975442 5.26640102844 8.26341403995 3.34679041186 2.37013143562 
-----------MEAN OF SAMPLES-------------
0.541583677885 0.00330608591874 0.310535631771 6.52237144506 5.46076563203 4.33204720315 8.20159070478 5.4675405813 7.4933927233 5.8226427022 6.27114519882 
